50 0
334 0
136 0
3 45 43 40 2 98 83
3 45 43 4 2 183 57
3 45 43 4 2 277 291
3 45 43 4 2 293 130
3 45 43 4 2 159 130
3 45 43 4 2 67 25
3 45 43 4 2 321 180
3 45 43 4 2 88 127
3 45 43 4 2 186 326
3 45 43 4 2 170 228
3 45 43 4 2 2 228
3 45 43 49 2 189 114
3 45 43 49 2 165 114
3 45 43 49 2 30 185
3 45 43 49 2 135 185
3 45 43 49 2 68 111
3 45 43 49 2 292 111
3 45 43 49 2 253 324
3 45 43 20 2 15 291
3 45 43 20 2 331 112
3 45 43 20 2 63 112
3 45 43 20 2 10 222
3 45 43 20 2 122 126
3 45 43 20 2 173 126
3 45 43 20 2 316 57
3 45 43 20 2 16 330
3 45 43 20 2 176 330
3 45 43 20 2 307 281
3 45 43 20 2 149 281
3 45 43 20 2 298 9
3 45 43 20 2 59 328
3 45 43 20 2 311 328
3 45 43 20 2 151 158
3 45 43 20 2 147 158
3 45 43 20 2 200 80
3 45 43 20 2 190 80
3 45 43 20 2 65 37
3 45 43 20 2 44 37
3 45 43 20 2 79 282
3 45 43 20 2 123 282
3 45 43 20 2 143 64
3 45 43 20 2 187 64
3 45 43 20 2 1 26
3 45 43 20 2 242 26
3 45 43 34 2 27 301
3 45 43 34 2 19 301
2 45 43  2 139 25
3 45 2 36 2 196 204
3 45 2 36 2 36 219
3 45 2 36 2 106 129
3 45 2 36 2 39 129
3 45 2 12 2 171 254
3 45 2 12 2 66 254
3 45 2 12 2 56 9
3 45 2 12 2 18 229
3 45 2 12 2 320 85
3 45 31 30 2 20 312
3 45 31 30 2 23 312
3 45 31 30 2 214 125
3 45 31 30 2 313 125
3 45 31 30 2 332 162
3 45 31 30 2 62 162
3 45 31 30 2 276 121
3 45 31 30 2 160 121
3 45 31 3 2 84 144
3 45 31 3 2 8 144
3 45 31 3 2 128 231
3 45 31 3 2 49 231
3 45 31 1 2 273 259
3 45 31 1 2 167 76
3 45 31 1 2 157 76
3 45 32 22 2 132 290
3 45 0 19 2 86 289
3 45 0 19 2 260 289
2 45 0  2 7 251
3 45 0 46 2 279 246
3 45 0 46 2 305 138
3 45 0 46 2 213 138
3 45 0 46 2 280 295
3 45 0 46 2 75 295
3 45 0 46 2 34 270
3 45 0 46 2 224 270
3 45 0 46 2 70 92
3 45 0 46 2 46 0
3 45 0 46 2 294 0
3 45 0 46 2 28 137
3 45 0 46 2 120 137
3 45 0 46 2 195 227
3 45 0 46 2 48 227
3 45 0 46 2 95 267
3 45 0 46 2 4 267
3 45 0 46 2 194 333
3 45 0 46 2 12 333
3 45 0 46 2 226 255
3 45 0 46 2 164 255
3 45 0 26 2 91 222
3 45 0 26 2 47 115
3 45 0 26 2 71 263
3 45 0 26 2 89 110
3 45 0 26 2 94 110
3 45 0 11 2 177 182
3 45 0 11 2 235 6
3 45 0 11 2 236 6
3 45 0 11 2 90 238
3 45 0 11 2 77 238
3 45 0 11 2 97 82
3 45 0 11 2 319 82
3 45 0 11 2 140 93
3 45 0 11 2 261 93
3 45 0 11 2 61 193
3 21 23 37 2 212 262
2 21 23  2 271 304
2 21 23  2 99 304
3 21 27 15 2 309 230
3 21 27 15 2 134 230
3 21 27 15 2 104 264
3 21 27 5 2 257 323
3 21 9 13 2 188 233
3 21 47 44 2 252 72
3 21 47 44 2 73 72
3 21 47 44 2 136 54
3 21 47 44 2 256 54
3 21 25 48 2 53 323
3 7 6 18 2 209 45
3 7 6 18 2 302 45
3 29 42 17 2 268 216
3 29 42 33 2 38 168
3 29 42 33 2 317 168
3 10 16 38 2 154 201
3 10 16 14 2 155 225
3 35 28 8 2 237 124
2 41 39  2 288 318
3 45 43 4 2 207 326
3 45 43 20 2 178 180
3 45 31 1 2 308 259
3 7 6 24 2 103 220
15
12 20 4 11 2014 8 0
12 20 4 11 2014 8 0
12 20 4 11 2014 8 0
12 20 4 11 2014 8 0
12 20 4 11 2014 8 0
12 20 4 11 2014 8 0
12 20 4 11 2014 8 0
12 20 4 11 2014 8 0
12 20 4 11 2014 8 0
12 20 4 11 2014 8 0
12 20 4 11 2014 8 0
12 20 4 11 2014 8 0
12 20 4 11 2014 8 0
12 20 4 11 2014 8 0
12 20 4 11 2014 8 0
0
0
169
0 2 45 0
258 2 45 0
87 2 45 0
179 2 45 31
180 2 45 43
259 2 45 31
181 0
3 2 45 31
184 2 45 31
5 1 35
263 2 45 0
265 2 21 27
264 2 21 27
266 2 45 0
93 2 45 0
269 2 45 0
185 2 45 43
270 2 45 0
96 2 45 43
272 2 45 0
191 0
273 2 45 31
274 2 29 42
9 2 45 2
192 2 21 25
100 1 21
101 2 10 16
275 2 21 23
193 2 45 0
102 1 7
278 0
11 2 45 43
105 2 45 31
107 2 45 43
283 1 10
108 2 10 16
282 2 45 43
284 2 45 31
109 2 45 43
110 2 45 0
14 1 21
13 2 10 16
285 2 45 43
286 2 45 31
111 2 45 43
287 2 29 42
197 2 35 28
112 2 45 43
17 2 45 43
289 2 45 0
198 1 45
113 2 45 43
114 2 45 43
115 2 45 0
199 2 45 32
21 2 45 43
116 2 45 43
22 2 45 2
117 2 45 43
24 2 45 2
118 2 21 27
119 2 45 2
25 2 45 43
291 2 45 43
26 2 45 43
202 2 29 42
121 2 45 0
203 2 45 0
29 2 10 16
126 2 45 43
127 2 45 43
129 2 45 2
205 2 45 31
32 1 35
31 2 45 2
206 2 29 42
130 2 45 43
208 2 45 2
33 2 45 31
131 2 45 31
295 2 45 0
210 2 10 16
296 1 21
133 2 45 43
297 2 29 42
211 2 45 0
35 2 45 43
299 2 45 43
300 0
138 2 45 0
301 2 45 43
141 2 45 0
40 2 45 43
142 1 45
215 1 10
41 2 45 43
303 2 45 31
42 2 45 43
217 2 29 42
218 2 45 2
43 2 45 2
144 2 45 31
145 2 29 42
45 2 7 6
221 2 10 16
220 2 7 6
146 2 7 6
148 1 21
306 2 10 16
223 2 45 43
150 2 45 43
152 2 45 43
310 2 45 2
225 2 45 2
153 2 45 31
312 2 45 0
50 1 35
51 2 45 31
52 2 7 6
314 2 21 23
315 2 45 31
54 2 45 43
55 0
156 1 29
228 2 45 43
58 1 7
230 2 21 27
158 1 21
161 2 45 2
163 2 45 0
231 2 45 31
60 2 45 43
232 2 45 43
233 2 45 31
234 1 10
166 2 21 27
238 2 45 0
64 2 45 43
239 2 45 0
322 2 45 0
240 2 45 31
241 2 29 42
169 0
243 2 45 2
69 2 45 43
323 2 21 25
244 2 45 0
245 2 45 2
72 2 21 47
246 2 45 0
247 2 45 43
248 2 45 31
325 2 45 2
74 2 7 6
249 2 29 42
326 2 45 43
172 2 29 42
78 2 45 2
327 2 45 43
250 1 29
174 2 29 42
175 2 45 43
328 2 45 43
80 2 45 43
81 2 45 31
329 2 45 43
330 2 45 43
333 2 45 0
254 2 45 2
